218 29 9 255
245 226 36 255
0 123 40 255
34 81 233 255
225 225 225 255
188 187 184 255
150 146 135 255
86 84 78 255
35 35 35 255
DIV:basic

0 37 65 255
34 69 69 255
0 52 22 255
149 185 11 255
244 155 0 255
231 99 24 255
144 36 36 255
113 8 27 255
156 0 107 255
DIV:bold

255 154 107 255
255 200 63 255
182 197 112 255
200 235 124 255
223 247 143 255
252 199 181 255
238 157 195 255
180 150 202 255
129 112 218 255
DIV:fruity

70 155 195 255
112 207 235 255
94 116 140 255
141 166 198 255
153 190 235 255
211 242 234 255
137 177 140 255
249 245 187 255
214 114 64 255
DIV:landscape

244 224 200 255
217 187 123 255
170 125 85 255
141 116 82 255
170 126 45 255
158 75 33 255
115 59 32 255
91 28 12 255
48 15 6 255
DIV:neutrals

218 29 9 178
231 99 24 178
254 196 0 178
0 123 40 178
35 63 170 178
70 155 195 178
245 245 245 178
150 146 135 178
35 35 35 178
DIV:transparent

255 255 255 255
141 148 150 255
127 119 118 255
76 81 86 255
255 255 255 115
1 1 1 255
50 255 255 178
222 55 139 178
255 216 0 178
DIV:misc.